1658842907.614191 27.00 28.00 31.00
1658851334.8231063 27.00 28.00 32.00
1658858512.2091036 27.00 28.00 32.00
1658865732.7809997 27.00 28.00 33.00
1658872908.2534983 26.00 28.00 32.00
1658880159.4398975 25.00 27.00 31.00
1658887530.826526 0.00 26.00 29.00
1658894735.2010603 0.00 0.00 28.00
1658997314.4440553 25.00 27.00 30.00
1658997564.7577767 25.00 27.00 30.00
1659009739.449045 33.00 34.00 38.00
1659016932.713167 29.00 31.00 34.00
1659024112.422175 29.00 31.00 35.00
1659031333.1192718 27.00 29.00 33.00
1659038558.70114 24.00 25.00 29.00
1659045734.7635584 21.00 22.00 26.00
1659504114.930733 14.00 18.00 23.00
1659504879.7428632 14.00 17.00 23.00
